924636
402878
5761086
6479171
4646363
1780719
5777471
1069249
458812
1070494
1667926
402291
1188001
7986261
5733421
5761381
5795830
5375412
1762938
1328725
1762937
617499
4544336
10645907
397070
5761153
1570043
635051
4676007
9084417
392988
5804536
470277
5943323
1272702
851661
5734761
7988150
530780
5777443
1399805
396397
5360932
5373648
1570840
780360
5359877
595048
459760
579911
5795812
4826863
5729988
1692111
787359
4778597
700946
5774599
6103462
1085654
396382
7909751
5374520
4826762
759698
7986242
454806
5949277
1069549
6487510
432362
642846
1769172
397004
4826860
672805
403436
1769179
4544228
7988292
4534095
1080945
4826829
579910
3364528
387614
6005112
523841
472591
973645
1343289
523973
532488
5359884
5735151
5943357
5795366
1343286
840673
4778627
385509
619458
1343697
4778579
454805
4465814
793852
683034
611602
4465819
1752436
6961875
387115
3465162
1248157
5794981
5730007
402988
6484986
616222
7045405
417763
1298620
1070710
4464876
5774687
7832976
616234
5797669
5795805
750611
1188105
1324049
610523
5949237
5359782
5735083
5734084
1399834
5761384
405386
7909769
6005117
562108
1780721
392332
6480918
469463
598143
5774646
1399253
3282796
5794905
6487503
502767
4826865
669086
5374518
1479343
1692133
6487608
5221208
5928588
6475109
422977
6487504
5794880
492892
5360916
1763655
6103511
6477768
6480882
5734827
4465846
750927
7999717
5359870
394251
421983
605985
1085588
5387016
4826763
5761042
662795
6961880
5949236
2183241
6318073
6005129
535785
6467266
6103554
401744
5795815
7045412
1692108
5355340
410815
787388
403581
1401767
419248
461604
784397
1555120
1692252
1746536
3364529
4778566
4778567
4826742
7832973
7988152
400377
417780
692001
1344169
1415630
1449947
1570044
4778617
5221176
5221233
5734764
5794921
5795010
5795806
6082322
6362124
6468558
6475183
6481249
6486910
6539232
7832934
400469
750880
759700
784417
1097887
1345610
1393443
1393444
1542007
1618938
1667942
1692155
1766049
4676005
4676022
4778583
4826767
5221130
5221209
5355316
5359781
5360864
5373653
5374525
5730023
5734080
5761063
5761205
5763132
5795822
5797629
6103531
6108430
6109484
6109500
6116714
6120113
6475164
6539231
6944844
7066697
7832880
7988153
7988300
7999912
9536307
385614
400813
421820
421838
422964
437752
470244
472632
486552
519159
583777
672822
750841
840850
843825
1068949
1135086
1188107
1343166
1584728
1606909
1692191
1774574
3364508
3500939
3868854
3868869
4534019
4534082
4534109
4544291
4544329
4675912
4676001
4676029
4778581
4778628
4778630
5355341
5355351
5359864
5360940
5373649
5374519
5374526
5374568
5375366
5375397
5375398
5641393
5729992
5730002
5734101
5735123
5761198
5761248
5774600
5795367
5795773
5795803
5795826
5797646
5921049
5949011
5949121
6082308
6103533
6108475
6109486
6116908
6475167
6485001
6486909
6873548
7074098
7986278
7987816
7996177
7999704
386773
396402
402965
402980
406422
436026
458804
466237
472127
520654
528571
554634
604174
616859
758620
759695
763082
1097590
1188076
1240185
1272439
1326705
1359725
1386973
1401718
1553769
1584508
1586096
1708824
1752331
1780714
3475950
3500963
3500965
4464859
4534016
4646237
4646295
4675914
4675920
4676030
4826805
4826843
5221142
5221156
5221239
5355356
5355358
5359881
5359936
5360857
5360900
5734131
5735137
5793000
5795837
5795857
5797668
5804872
5949241
5953713
6082103
6103481
6108443
6109490
6127082
6474258
6961895
7009362
7045431
7066704
7832883
7909784
7988305
7988315
7988316
7996126
452360
393366
5795811
757756
784404
5795801
779850
5921052
433931
459923
460646
6488766
750741
1071620
795404
5360849
5360862
1323312
779848
1383449
392327
661182
1393429
364850
402144
417798